Roskin: 115;116;120;5030;5031;5032;5033;5034;5035;5036;5037;5097;5098;5099;5100;5101;5102;5103;5104;5105;5106;5118;5124;5125;5128;5129;5130;5212;
Yocile: 123;5108;
Palomel: 43;124;5109;5110;5126;5116;5117;5118;5119;5127;
Greebly: 125;5113;5114;
Fremillia: 111;112;114;121;122;127;130;135;138;
Ploh Trishbahk: 49;107;108;109;113;114;126;5230;5231;5232;
Eternal flame: 110;
Lola: 106;
Oscairn: 44;90;91;105;
Estelle: 96;101;102;103;104;
Margret: 97;100;
??: 99;
Chumli-Mojumli: 48;98;
Rigobertine: 46;89;93;94;95;
Amchuchu: 92;
Runje Desaali: 88;117;118;119;131;132;133;134;5083;5084;5085;5086;5087;5088,5089;5090;5091;5092;
Nhili Uvolep: 33;34;35;36;37;38;39; 40;41;45;86;87;5093;5094;5095;5096;5116;5117;
Octavien: 23;24;25;26;27;28;29;55;56;57;58;59;60;61;62;63;64;65;66;67;68;69;70;71;72;73;74;75;76;77;78;79;80;81;82;85;136;5080;5081;5082;
Malgrom: 84;
Bernegeois: 83;
Zaffeld: 31;32;128;129;5121;
Sharuru: 50;51;52;53;54;
Oingo-Zoingo: 47;
Jozhud: 42;
Dimmian: 30;
Ysadel: 11;
Bheva Grantih: 5;
Inthius: 4;
Terianne: 2;
Behsa Alehgo: 5061;5122;5123;
Wagellion: 5039;5040;5059;5060;5120;
Jampiaire: 5107;




